job_id,product_type,operation_id,machine,tool,start_time,duration,plan_duration,end_time
job3,p3,1,a1_0,2,0,12,20.0,12
job3,p3,2,a3_0,2,12,10,10.0,22
job4,p3,1,a1_0,2,12,13,20.0,25
job4,p3,2,a3_0,2,25,12,10.0,37
job5,p3,1,a1_0,2,25,9,20.0,34
job5,p3,2,a3_0,2,48,13,10.0,61
job6,p2,1,a2_0,1,0,28,20.0,28
job6,p2,2,a3_0,2,37,11,10.0,48
job7,p4,1,a2_0,2,28,18,20.0,46
job7,p4,2,a3_0,1,74,9,10.0,83
job8,p1,1,a1_0,1,34,7,20.0,41
job8,p1,2,a3_0,1,61,13,10.0,74
job9,p2,1,a2_0,1,46,20,20.0,66
job9,p2,2,a3_0,2,92,10,10.0,102
job10,p3,1,a1_0,2,41,23,20.0,64
job10,p3,2,a3_0,2,83,9,10.0,92
job11,p1,1,a1_0,1,64,17,20.0,81
job11,p1,2,a3_0,1,115,6,10.0,121
job12,p3,1,a1_0,2,81,19,20.0,100
job12,p3,2,a3_0,2,131,12,10.0,143
job13,p2,1,a2_0,1,66,5,20.0,71
job13,p2,2,a3_0,2,102,13,10.0,115
job14,p4,1,a2_0,2,71,17,20.0,88
job14,p4,2,a3_0,1,121,10,10.0,131
job15,p2,1,a2_0,1,88,25,20.0,113
job15,p2,2,a3_0,2,143,14,10.0,157
job16,p4,1,a2_0,2,113,5,20.0,118
job16,p4,2,a3_0,1,169,13,10.0,182
job17,p4,1,a2_0,2,118,15,20.0,133
job17,p4,2,a3_0,1,182,11,10.0,193
job18,p2,1,a2_0,1,133,11,20.0,144
job18,p2,2,a3_0,2,206,11,10.0,217
job19,p2,1,a2_0,1,144,17,20.0,161
job19,p2,2,a3_0,2,221,9,10.0,230
job20,p1,1,a1_0,1,100,18,20.0,118
job20,p1,2,a3_0,1,157,12,10.0,169
job21,p2,1,a2_0,1,161,16,20.0,177
job21,p2,2,a3_0,2,240,12,10.0,252
job22,p2,1,a2_0,1,177,32,20.0,209
job22,p2,2,a3_0,2,270,9,10.0,279
job23,p3,1,a1_0,2,118,20,20.0,138
job23,p3,2,a3_0,2,193,13,10.0,206
job24,p4,1,a2_0,2,209,13,20.0,222
job24,p4,2,a3_0,1,291,15,10.0,306
job25,p2,1,a2_0,1,222,29,20.0,251
job25,p2,2,a3_0,2,322,9,10.0,331
job26,p3,1,a1_0,2,138,14,20.0,152
job26,p3,2,a3_0,2,217,4,10.0,221
job27,p2,1,a2_0,1,251,26,20.0,277
job27,p2,2,a3_0,2,337,12,10.0,349
job28,p2,1,a2_0,1,277,16,20.0,293
job28,p2,2,a3_0,2,357,13,10.0,370
job29,p1,1,a1_0,1,152,16,20.0,168
job29,p1,2,a3_0,1,230,10,10.0,240
job30,p4,1,a2_0,2,293,19,20.0,312
job30,p4,2,a3_0,1,399,7,10.0,406
job31,p4,1,a2_0,2,312,15,20.0,327
job31,p4,2,a3_0,1,413,12,10.0,425
job32,p1,1,a1_0,1,168,9,20.0,177
job32,p1,2,a3_0,1,252,9,10.0,261
job33,p3,1,a1_0,2,177,23,20.0,200
job33,p3,2,a3_0,2,261,9,10.0,270
job34,p3,1,a1_0,2,200,13,20.0,213
job34,p3,2,a3_0,2,279,12,10.0,291
job35,p3,1,a1_0,2,213,17,20.0,230
job35,p3,2,a3_0,2,306,9,10.0,315
job36,p2,1,a2_0,1,327,10,20.0,337
job36,p2,2,a3_0,2,425,11,10.0,436
job37,p1,1,a1_0,1,230,19,20.0,249
job37,p1,2,a3_0,1,315,7,10.0,322
job38,p3,1,a1_0,2,249,22,20.0,271
job38,p3,2,a3_0,2,331,6,10.0,337
job39,p2,1,a2_0,1,337,6,20.0,343
job39,p2,2,a3_0,2,436,15,10.0,451
job40,p2,1,a2_0,1,343,32,20.0,375
job40,p2,2,a3_0,2,460,12,10.0,472
job41,p4,1,a2_0,2,375,18,20.0,393
job41,p4,2,a3_0,1,472,9,10.0,481
job42,p1,1,a1_0,1,271,14,20.0,285
job42,p1,2,a3_0,1,349,8,10.0,357
job43,p1,1,a1_0,1,285,11,20.0,296
job43,p1,2,a3_0,1,370,13,10.0,383
job44,p2,1,a2_0,1,393,14,20.0,407
job44,p2,2,a3_0,2,481,8,10.0,489
job45,p4,1,a2_0,2,407,10,20.0,417
job45,p4,2,a3_0,1,489,7,10.0,496
job46,p2,1,a2_0,1,417,15,20.0,432
job46,p2,2,a3_0,2,496,11,10.0,507
job47,p3,1,a1_0,2,296,11,20.0,307
job47,p3,2,a3_0,2,383,16,10.0,399
job48,p4,1,a2_0,2,432,18,20.0,450
job48,p4,2,a3_0,1,507,8,10.0,515
job49,p2,1,a2_0,1,450,18,20.0,468
job49,p2,2,a3_0,2,515,15,10.0,530
job50,p1,1,a1_0,1,307,14,20.0,321
job50,p1,2,a3_0,1,406,7,10.0,413
job51,p2,1,a2_0,1,468,23,20.0,491
job51,p2,2,a3_0,2,530,16,10.0,546
job52,p1,1,a1_0,1,321,30,20.0,351
job52,p1,2,a3_0,1,451,9,10.0,460
